ncols         47
nrows         39
xllcorner     681685.29052734
yllcorner     4131944.4567261
cellsize      25
NODATA_value  -9999
32 16 16 16 16 16 2 2 2 4 8 4 4 8 8 16 16 2 2 4 4 8 16 8 2 2 1 4 8 16 4 4 8 16 16 16 2 4 4 8 8 1 1 1 1 1 128 
64 32 32 32 4 8 2 2 2 4 4 4 8 8 16 16 2 2 2 4 8 16 16 8 2 2 4 4 16 4 8 8 16 16 32 2 2 4 4 8 8 8 128 128 128 128 64 
4 4 4 4 4 8 4 2 2 4 4 8 8 16 16 16 2 2 2 4 8 16 16 2 2 2 4 4 4 8 16 16 32 16 4 2 2 4 8 8 16 16 128 128 128 128 64 
4 4 8 8 16 16 1 1 2 4 4 16 16 16 16 2 2 2 4 4 8 16 16 2 2 1 4 8 16 16 16 32 32 4 4 4 4 4 8 16 16 16 2 2 2 2 4 
4 8 16 16 16 32 1 1 1 4 8 16 16 16 16 2 2 2 4 8 16 16 2 2 2 4 8 16 16 32 32 4 4 4 4 4 4 8 16 16 16 32 1 1 1 1 4 
16 16 16 32 32 32 1 1 1 4 8 16 16 16 8 2 2 2 4 4 8 8 4 4 4 4 8 16 16 8 4 4 4 4 4 8 8 16 16 16 32 1 1 1 1 1 1 
64 32 32 32 4 8 1 1 1 4 16 16 16 8 8 2 2 1 4 4 8 4 4 4 4 8 16 8 8 4 8 8 16 16 16 16 16 32 32 32 16 2 4 128 128 1 64 
64 4 4 4 4 8 8 1 1 2 4 8 16 8 8 2 2 2 4 4 8 4 8 8 16 16 16 16 16 16 16 16 16 16 64 32 32 32 32 32 2 2 4 4 128 128 64 
4 4 4 8 8 16 16 2 1 2 4 8 8 4 4 4 4 4 8 16 16 16 16 16 64 64 32 32 32 64 32 16 32 32 64 64 32 32 32 32 2 2 2 4 4 8 64 
4 4 8 8 16 16 2 2 1 2 4 4 4 4 4 4 4 8 16 64 32 64 32 32 32 32 64 32 64 64 64 32 16 16 32 32 64 32 32 1 1 2 2 4 4 4 8 
4 8 16 16 16 16 2 2 2 1 4 4 8 8 8 8 8 16 32 64 64 64 64 64 32 32 64 32 16 64 64 64 16 16 16 32 64 64 32 1 1 1 1 2 4 4 8 
4 8 16 16 8 4 4 2 2 4 8 16 16 16 16 16 16 16 16 8 32 32 64 64 32 32 64 64 32 32 128 64 32 16 16 16 64 2 2 2 1 1 1 2 4 8 8 
4 8 8 8 4 4 4 4 4 8 16 16 32 64 64 32 64 32 16 16 8 16 32 64 64 64 32 64 64 32 64 64 64 32 16 16 2 2 2 2 2 1 1 1 4 4 8 
16 16 8 4 4 4 4 4 8 16 16 32 64 64 64 64 64 64 32 16 16 8 8 8 64 32 64 64 64 32 128 128 64 32 32 32 2 2 2 2 4 4 1 1 2 4 8 
64 32 16 16 4 4 4 8 16 16 32 32 32 64 64 64 64 64 64 32 32 16 16 8 8 8 8 8 32 32 32 128 64 64 32 32 2 2 2 2 4 4 1 1 2 4 16 
64 64 32 32 16 16 16 16 16 32 32 32 16 32 64 64 64 64 128 64 64 32 16 16 8 8 8 8 8 8 16 8 64 64 64 2 1 1 1 2 2 4 8 1 2 4 16 
64 64 64 64 64 32 32 16 16 32 16 16 16 8 64 64 64 64 64 64 64 64 32 16 16 8 8 8 4 8 4 8 8 8 1 2 1 1 1 1 1 2 4 4 2 4 8 
64 64 128 128 64 64 64 32 16 8 8 8 8 8 8 8 8 64 64 64 64 64 64 32 16 16 8 8 8 8 8 8 8 8 2 1 1 1 128 128 1 1 2 4 2 4 8 
64 128 128 128 64 32 16 64 32 16 8 8 8 8 8 8 8 4 8 8 64 64 64 64 32 32 16 16 16 16 16 16 16 16 2 1 2 2 2 4 1 1 1 1 2 4 4 
64 128 128 128 64 32 16 64 64 32 16 16 16 8 8 8 8 8 8 16 16 64 64 64 64 64 32 16 32 32 32 32 32 2 1 2 2 2 2 2 2 1 1 1 1 2 4 
128 1 128 64 128 64 16 128 64 64 32 32 16 16 8 8 8 8 16 16 16 16 64 64 128 64 64 32 32 32 32 32 32 2 1 1 1 1 1 1 1 128 128 128 128 1 1 
1 128 64 128 1 64 16 16 64 64 64 64 32 32 16 16 16 16 16 32 32 16 16 128 128 64 64 32 32 32 32 32 2 2 2 2 1 128 128 128 128 128 128 128 128 128 64 
128 128 64 1 1 64 16 32 64 32 128 64 64 64 32 16 16 16 16 32 32 32 32 128 128 64 64 32 32 32 32 2 2 2 2 2 2 4 128 128 128 128 128 128 128 128 64 
128 64 1 1 128 64 32 32 64 32 128 128 128 1 64 16 16 16 16 8 4 4 4 8 8 64 64 32 32 2 4 4 2 2 2 2 4 4 8 128 128 128 128 128 128 1 64 
2 1 1 1 128 64 32 16 64 32 128 128 128 1 64 32 16 8 16 4 4 4 4 8 8 8 8 4 2 2 4 2 4 2 1 2 2 4 8 8 8 128 1 1 1 1 64 
2 1 1 1 128 16 16 16 64 32 64 128 128 128 64 32 16 16 8 4 4 8 8 16 16 8 8 4 2 2 4 4 4 2 1 1 2 4 4 8 8 8 1 1 1 1 64 
1 1 1 1 64 16 32 16 32 64 64 128 128 128 128 64 32 16 8 8 8 16 16 16 16 4 8 8 1 1 2 2 4 4 2 1 1 2 4 4 8 8 1 1 1 1 64 
1 1 1 128 64 32 16 16 32 64 128 128 128 128 128 64 64 32 16 16 16 16 16 4 8 8 8 8 1 1 2 2 4 4 2 2 1 2 4 4 4 8 8 4 128 128 64 
128 128 128 128 64 64 32 32 32 32 128 128 128 128 128 128 64 32 16 32 32 16 16 8 16 16 16 16 1 1 1 1 2 2 4 1 1 1 2 2 4 4 4 8 4 4 4 
128 128 128 128 64 32 32 32 16 16 128 128 128 128 128 128 128 64 32 32 64 32 32 16 16 32 32 32 1 1 1 1 1 1 1 128 128 1 1 1 2 2 4 4 8 8 4 
128 128 128 128 64 32 32 32 16 16 128 1 128 128 128 1 128 64 16 16 64 64 64 32 16 16 32 32 1 1 128 128 128 128 64 64 128 128 1 1 1 1 2 4 4 4 8 
64 128 128 128 64 32 32 32 16 16 16 1 1 1 1 128 128 64 32 16 16 64 64 32 16 16 16 2 2 2 2 2 2 2 4 4 8 128 128 128 128 1 1 2 2 4 8 
128 128 1 64 64 32 32 32 32 16 4 1 1 1 128 128 128 64 32 16 16 16 128 64 32 16 16 2 2 2 2 2 2 2 4 4 8 8 128 128 128 128 128 1 2 4 8 
4 128 128 64 32 32 4 4 4 4 4 8 128 128 64 64 128 64 64 32 16 16 128 64 64 32 32 1 2 2 2 2 2 2 4 4 8 8 8 128 128 128 128 1 1 2 4 
4 8 128 64 32 2 2 4 4 4 4 8 8 128 64 128 128 128 64 32 16 16 16 64 64 32 1 1 1 1 1 1 1 1 2 4 4 8 8 4 128 128 1 1 1 2 4 
4 16 2 4 2 2 2 4 4 4 4 8 8 8 128 128 128 128 64 64 16 16 16 8 16 1 1 1 1 1 1 128 1 1 1 2 4 4 8 8 4 4 1 1 1 1 4 
4 16 4 4 2 1 2 2 4 4 4 8 16 16 16 128 128 128 64 64 32 16 16 16 16 1 2 2 2 1 128 128 128 128 1 1 2 4 4 8 4 4 4 2 1 1 4 
4 8 2 4 8 1 2 2 4 8 8 16 16 8 4 8 128 128 128 64 64 32 16 16 2 2 2 2 2 2 2 2 2 2 1 128 1 2 4 4 4 4 4 4 4 2 4 
8 16 1 4 16 1 1 1 4 16 16 16 16 16 16 16 16 128 128 64 64 64 32 32 1 1 1 1 1 1 1 1 1 1 1 1 1 1 1 1 1 1 1 1 1 1 2 
